Year,SchoolName,SchoolCode,SchoolType,Hispanic%,NativeAmerican%,Asian%,AfricanAmerican%,PacificIslander%,White%,TwoRaces%,Total
2016,"ABLE CHARTER SCHOOL 6TH-8TH",55Z005971,"Virtual Charter",0.1818,0.0909,0.0000,0.0909,0.0000,0.6364,0.0000,11
2016,"ABLE CHARTER SCHOOL 9TH-12TH",55Z005972,"Virtual Charter",0.2500,0.1136,0.0000,0.0909,0.0000,0.5455,0.0000,44
2014,"ACHILLE ES",07I003105,"Elementary School",0.0244,0.2390,0.0000,0.0049,0.0000,0.7073,0.0244,205
2015,"ACHILLE ES",07I003105,"Elementary School",0.0374,0.2570,0.0000,0.0140,0.0000,0.6729,0.0187,214
2016,"ACHILLE ES",07I003105,"Elementary School",0.0580,0.2679,0.0000,0.0134,0.0000,0.6161,0.0446,224
2014,"ACHILLE HS",07I003705,"High School",0.0206,0.2680,0.0000,0.0412,0.0000,0.6495,0.0206,97
2015,"ACHILLE HS",07I003705,"High School",0.0100,0.2200,0.0000,0.0400,0.0000,0.7000,0.0300,100
2016,"ACHILLE HS",07I003705,"High School",0.0300,0.2800,0.0000,0.0300,0.0000,0.6200,0.0400,100
2014,"ADA EC CTR",62I019105,"Elementary School",0.1316,0.3004,0.0088,0.0329,0.0000,0.3684,0.1579,456
2015,"ADA EC CTR",62I019105,"Elementary School",0.1400,0.3043,0.0081,0.0345,0.0000,0.3732,0.1400,493
2016,"ADA EC CTR",62I019105,"Elementary School",0.1667,0.2429,0.0095,0.0238,0.0000,0.3952,0.1619,420
2014,"ADA HS",62I019705,"High School",0.0643,0.3050,0.0124,0.0498,0.0021,0.5000,0.0664,482
2015,"ADA HS",62I019705,"High School",0.0868,0.3120,0.0124,0.0455,0.0000,0.4649,0.0785,484
2016,"ADA HS",62I019705,"High School",0.0882,0.3039,0.0075,0.0450,0.0019,0.4672,0.0863,533
2014,"ADA JHS",62I019610,"Middle School",0.0772,0.3339,0.0108,0.0431,0.0018,0.4381,0.0952,557
2015,"ADA JHS",62I019610,"Middle School",0.0892,0.3409,0.0105,0.0437,0.0017,0.4213,0.0927,572
2016,"ADA JHS",62I019610,"Middle School",0.1053,0.3346,0.0113,0.0470,0.0000,0.4380,0.0639,532
2014,"HAYES ES",62I019110,"Elementary School",0.1119,0.2729,0.0067,0.0291,0.0022,0.3826,0.1946,447
2015,"HAYES ES",62I019110,"Elementary School",0.1114,0.2607,0.0142,0.0237,0.0000,0.3886,0.2014,422
2016,"HAYES ES",62I019110,"Elementary School",0.1284,0.2632,0.0105,0.0274,0.0000,0.3895,0.1811,475
2014,"WASHINGTON ES",62I019125,"Elementary School",0.1087,0.2989,0.0109,0.0326,0.0027,0.4484,0.0978,368
2015,"WASHINGTON ES",62I019125,"Elementary School",0.0947,0.3079,0.0053,0.0237,0.0053,0.4289,0.1342,380
2016,"WASHINGTON ES",62I019125,"Elementary School",0.1373,0.2617,0.0052,0.0181,0.0000,0.3860,0.1917,386
2014,"WILLARD ES",62I019130,"Elementary School",0.1011,0.3298,0.0080,0.0426,0.0000,0.4734,0.0452,376
2015,"WILLARD ES",62I019130,"Elementary School",0.1082,0.2861,0.0129,0.0464,0.0000,0.4845,0.0619,388
2016,"WILLARD ES",62I019130,"Elementary School",0.1082,0.2982,0.0175,0.0292,0.0029,0.4678,0.0760,342
2014,"ADAIR HS",46I002705,"High School",0.0000,0.4203,0.0034,0.0000,0.0034,0.5695,0.0034,295
2015,"ADAIR HS",46I002705,"High School",0.0000,0.3828,0.0033,0.0066,0.0033,0.6007,0.0033,303
2016,"ADAIR HS",46I002705,"High School",0.0129,0.4469,0.0032,0.0000,0.0032,0.5273,0.0064,311
2014,"ADAIR MS",46I002505,"Middle School",0.0179,0.3438,0.0000,0.0000,0.0000,0.6250,0.0134,224
2015,"ADAIR MS",46I002505,"Middle School",0.0326,0.3953,0.0000,0.0140,0.0000,0.5395,0.0186,215
2016,"ADAIR MS",46I002505,"Middle School",0.0448,0.4776,0.0000,0.0100,0.0000,0.4478,0.0199,201
2014,"BERNITA HUGHES ES",46I002105,"Elementary School",0.0342,0.4042,0.0019,0.0095,0.0000,0.5408,0.0095,527
2015,"BERNITA HUGHES ES",46I002105,"Elementary School",0.0319,0.4747,0.0019,0.0150,0.0000,0.4709,0.0056,533
2016,"BERNITA HUGHES ES",46I002105,"Elementary School",0.0363,0.5038,0.0038,0.0115,0.0000,0.4408,0.0038,524
2014,"AFTON ES",58I026105,"Elementary School",0.0313,0.4583,0.0052,0.0156,0.0000,0.4896,0.0000,384
2015,"AFTON ES",58I026105,"Elementary School",0.0354,0.4000,0.0051,0.0101,0.0000,0.5494,0.0000,395
2016,"AFTON ES",58I026105,"Elementary School",0.0447,0.4079,0.0053,0.0105,0.0000,0.5316,0.0000,380
2014,"AFTON HS",58I026705,"High School",0.0267,0.2933,0.0200,0.0000,0.0000,0.6600,0.0000,150
2015,"AFTON HS",58I026705,"High School",0.0176,0.4000,0.0118,0.0000,0.0000,0.5706,0.0000,170
2016,"AFTON HS",58I026705,"High School",0.0229,0.3771,0.0000,0.0000,0.0000,0.6000,0.0000,175
2014,"AGRA ES",41I134105,"Elementary School",0.0613,0.2362,0.0000,0.0123,0.0000,0.6779,0.0123,326
2015,"AGRA ES",41I134105,"Elementary School",0.0568,0.2050,0.0000,0.0158,0.0000,0.7035,0.0189,317
2016,"AGRA ES",41I134105,"Elementary School",0.0506,0.2152,0.0000,0.0042,0.0000,0.7173,0.0127,237
2014,"AGRA HS",41I134705,"High School",0.0385,0.3846,0.0000,0.0192,0.0000,0.5577,0.0000,104
2015,"AGRA HS",41I134705,"High School",0.0280,0.3458,0.0000,0.0093,0.0000,0.6168,0.0000,107
2016,"AGRA HS",41I134705,"High School",0.0532,0.3830,0.0000,0.0319,0.0000,0.5319,0.0000,94
2014,"ALBION PUBLIC SCHOOL",64C002105,"Elementary School",0.0375,0.6625,0.0000,0.0250,0.0000,0.2375,0.0375,80
2015,"ALBION PUBLIC SCHOOL",64C002105,"Elementary School",0.0256,0.5256,0.0000,0.0256,0.0000,0.3974,0.0256,78
2016,"ALBION PUBLIC SCHOOL",64C002105,"Elementary School",0.0000,0.5342,0.0000,0.0274,0.0000,0.4247,0.0137,73
2014,"ALEX ES",26I056105,"Elementary School",0.0187,0.0374,0.0000,0.0093,0.0000,0.9065,0.0280,214
2015,"ALEX ES",26I056105,"Elementary School",0.0144,0.0865,0.0000,0.0096,0.0000,0.8269,0.0625,208
2016,"ALEX ES",26I056105,"Elementary School",0.0264,0.0925,0.0000,0.0264,0.0000,0.7841,0.0705,227
2014,"ALEX HS",26I056715,"High School",0.0865,0.0769,0.0000,0.0192,0.0096,0.7596,0.0481,104
2015,"ALEX HS",26I056715,"High School",0.0891,0.0495,0.0000,0.0099,0.0099,0.8020,0.0396,101
2016,"ALEX HS",26I056715,"High School",0.0435,0.0435,0.0000,0.0000,0.0109,0.8587,0.0435,92
2014,"ALEXIS RAINBOW CS",55G003973,"Charter School",0.0000,0.0000,0.0000,0.9130,0.0000,0.0000,0.0870,46
2015,"ALEXIS RAINBOW CS",55G003973,"Charter School",0.0147,0.0000,0.0294,0.8971,0.0000,0.0147,0.0441,68
2014,"ALINE-CLEO ES",44I004105,"Elementary School",0.0625,0.0446,0.0000,0.0000,0.0000,0.8750,0.0179,112
2015,"ALINE-CLEO ES",44I004105,"Elementary School",0.0826,0.0000,0.0000,0.0000,0.0000,0.8991,0.0183,109
2016,"ALINE-CLEO ES",44I004105,"Elementary School",0.0288,0.0000,0.0000,0.0000,0.0000,0.9327,0.0385,104
2014,"ALINE-CLEO HS",44I004705,"High School",0.0233,0.0465,0.0000,0.0000,0.0000,0.9070,0.0233,43
2015,"ALINE-CLEO HS",44I004705,"High School",0.0000,0.0652,0.0000,0.0000,0.0000,0.9130,0.0217,46
2016,"ALINE-CLEO HS",44I004705,"High School",0.0200,0.0400,0.0200,0.0000,0.0000,0.9000,0.0200,50
2014,"ALLEN ES",62I001105,"Elementary School",0.0174,0.3663,0.0029,0.0087,0.0058,0.5988,0.0000,344
2015,"ALLEN ES",62I001105,"Elementary School",0.0244,0.3821,0.0054,0.0054,0.0054,0.5474,0.0298,369
2016,"ALLEN ES",62I001105,"Elementary School",0.0276,0.3729,0.0028,0.0083,0.0055,0.5442,0.0387,362
2014,"ALLEN HS",62I001705,"High School",0.0077,0.3769,0.0000,0.0000,0.0000,0.6154,0.0000,130
2015,"ALLEN HS",62I001705,"High School",0.0290,0.3043,0.0000,0.0000,0.0000,0.6667,0.0000,138
2016,"ALLEN HS",62I001705,"High School",0.0360,0.3669,0.0072,0.0072,0.0000,0.5827,0.0000,139
2014,"ALLEN-BOWDEN PUBLIC SCHOOL",19C035105,"Elementary School",0.1016,0.3385,0.0000,0.0104,0.0026,0.5260,0.0208,384
2015,"ALLEN-BOWDEN PUBLIC SCHOOL",19C035105,"Elementary School",0.1126,0.3298,0.0000,0.0026,0.0026,0.5445,0.0079,382
2016,"ALLEN-BOWDEN PUBLIC SCHOOL",19C035105,"Elementary School",0.1315,0.2903,0.0000,0.0050,0.0025,0.5558,0.0149,403
2014,"ALTUS HS",33I018705,"High School",0.3311,0.0143,0.0132,0.0717,0.0022,0.4834,0.0839,906
2015,"ALTUS HS",33I018705,"High School",0.3483,0.0067,0.0135,0.0798,0.0045,0.4629,0.0843,890
2016,"ALTUS HS",33I018705,"High School",0.3543,0.0077,0.0143,0.0706,0.0044,0.4680,0.0806,906
2014,"ALTUS INTERMEDIATE SCHOOL",33I018145,"Elementary School",0.4087,0.0095,0.0133,0.0894,0.0057,0.3916,0.0817,526
2015,"ALTUS INTERMEDIATE SCHOOL",33I018145,"Elementary School",0.4061,0.0162,0.0081,0.0869,0.0020,0.3798,0.1010,495
2016,"ALTUS INTERMEDIATE SCHOOL",33I018145,"Elementary School",0.4202,0.0090,0.0135,0.0629,0.0112,0.3640,0.1191,445
2014,"ALTUS JHS",33I018625,"Middle School",0.4117,0.0097,0.0078,0.0835,0.0019,0.4427,0.0427,515
2015,"ALTUS JHS",33I018625,"Middle School",0.3843,0.0121,0.0101,0.0905,0.0080,0.4245,0.0704,497
2016,"ALTUS JHS",33I018625,"Middle School",0.3996,0.0101,0.0203,0.0832,0.0101,0.4118,0.0649,493
2014,"RIVERS ES",33I018105,"Elementary School",0.1482,0.0000,0.0081,0.0593,0.0054,0.6765,0.1024,371
2015,"RIVERS ES",33I018105,"Elementary School",0.1472,0.0031,0.0123,0.0644,0.0061,0.6534,0.1135,326
2016,"RIVERS ES",33I018105,"Elementary School",0.1818,0.0031,0.0000,0.0627,0.0063,0.6426,0.1034,319
2014,"ROOSEVELT ES",33I018120,"Elementary School",0.4462,0.0000,0.0127,0.2247,0.0000,0.3165,0.0000,316
2015,"ROOSEVELT ES",33I018120,"Elementary School",0.4387,0.0097,0.0129,0.2258,0.0000,0.3097,0.0032,310
2016,"ROOSEVELT ES",33I018120,"Elementary School",0.4310,0.0069,0.0172,0.2207,0.0000,0.3207,0.0034,290
2014,"SUNSET ES",33I018125,"Elementary School",0.3097,0.0108,0.0108,0.0366,0.0000,0.5441,0.0882,465
2015,"SUNSET ES",33I018125,"Elementary School",0.3265,0.0122,0.0041,0.0286,0.0020,0.5612,0.0653,490
2016,"SUNSET ES",33I018125,"Elementary School",0.3359,0.0039,0.0019,0.0367,0.0000,0.5309,0.0907,518
2014,"WASHINGTON ES",33I018130,"Elementary School",0.5644,0.0103,0.0026,0.0851,0.0026,0.2320,0.1031,388
2015,"WASHINGTON ES",33I018130,"Elementary School",0.6809,0.0122,0.0061,0.0699,0.0000,0.1915,0.0395,329
2016,"WASHINGTON ES",33I018130,"Elementary School",0.5441,0.0091,0.0030,0.0456,0.0000,0.3587,0.0395,329
2014,"WILL ROGERS ES",33I018135,"Elementary School",0.4530,0.0235,0.0067,0.0537,0.0000,0.3859,0.0772,298
2015,"WILL ROGERS ES",33I018135,"Elementary School",0.4016,0.0281,0.0040,0.0482,0.0000,0.4458,0.0723,249
2016,"WILL ROGERS ES",33I018135,"Elementary School",0.4217,0.0120,0.0040,0.0482,0.0120,0.4618,0.0402,249
2014,"ALVA HS",76I001705,"High School",0.0709,0.0591,0.0197,0.0157,0.0000,0.8268,0.0079,254
2015,"ALVA HS",76I001705,"High School",0.1024,0.0669,0.0157,0.0236,0.0039,0.7835,0.0039,254
2016,"ALVA HS",76I001705,"High School",0.1336,0.0611,0.0153,0.0305,0.0038,0.7366,0.0191,262
2014,"ALVA MS",76I001505,"Middle School",0.0926,0.0556,0.0093,0.0417,0.0046,0.7870,0.0093,216
2015,"ALVA MS",76I001505,"Middle School",0.1280,0.0427,0.0237,0.0332,0.0000,0.7346,0.0379,211
2016,"ALVA MS",76I001505,"Middle School",0.1165,0.0340,0.0000,0.0340,0.0000,0.7621,0.0534,206
2014,"LINCOLN ES",76I001105,"Elementary School",0.0909,0.0210,0.0210,0.0070,0.0000,0.7622,0.0979,143
2015,"LINCOLN ES",76I001105,"Elementary School",0.1460,0.0365,0.0073,0.0292,0.0000,0.7153,0.0657,137
2016,"LINCOLN ES",76I001105,"Elementary School",0.1930,0.0439,0.0175,0.0351,0.0000,0.6667,0.0439,114
2014,"LONGFELLOW ES",76I001110,"Elementary School",0.1402,0.0374,0.0187,0.0187,0.0000,0.7383,0.0467,214
2015,"LONGFELLOW ES",76I001110,"Elementary School",0.0833,0.0463,0.0093,0.0370,0.0000,0.7917,0.0324,216
2016,"LONGFELLOW ES",76I001110,"Elementary School",0.1006,0.0503,0.0223,0.0503,0.0000,0.7598,0.0168,179
2014,"WASHINGTON ES",76I001115,"Elementary School",0.0711,0.0711,0.0203,0.0457,0.0000,0.7919,0.0000,197
2015,"WASHINGTON ES",76I001115,"Elementary School",0.0995,0.0543,0.0317,0.0181,0.0000,0.7783,0.0181,221
2016,"WASHINGTON ES",76I001115,"Elementary School",0.0891,0.0310,0.0194,0.0233,0.0078,0.8023,0.0271,258
2014,"AMBER-POCASSET ES",26I128105,"Elementary School",0.0341,0.0152,0.0000,0.0076,0.0000,0.8712,0.0720,264
2015,"AMBER-POCASSET ES",26I128105,"Elementary School",0.0538,0.0346,0.0038,0.0308,0.0000,0.8538,0.0231,260
2016,"AMBER-POCASSET ES",26I128105,"Elementary School",0.0736,0.0465,0.0000,0.0271,0.0000,0.8372,0.0155,258
2014,"AMBER-POCASSET HS",26I128715,"High School",0.0348,0.1304,0.0000,0.0000,0.0000,0.7826,0.0522,115
2015,"AMBER-POCASSET HS",26I128715,"High School",0.0769,0.0865,0.0000,0.0000,0.0000,0.7596,0.0769,104
2016,"AMBER-POCASSET HS",26I128715,"High School",0.0463,0.0463,0.0000,0.0000,0.0000,0.8333,0.0741,108
2014,"AMBER-POCASSET JHS",26I128615,"Middle School",0.0229,0.0458,0.0000,0.0000,0.0000,0.8779,0.0534,131
2015,"AMBER-POCASSET JHS",26I128615,"Middle School",0.0265,0.0442,0.0000,0.0088,0.0000,0.8584,0.0619,113
2016,"AMBER-POCASSET JHS",26I128615,"Middle School",0.0811,0.0631,0.0000,0.0000,0.0000,0.8018,0.0541,111
2014,"ANADARKO EAST ES",08I020105,"Elementary School",0.1900,0.6467,0.0033,0.0233,0.0000,0.1367,0.0000,300
2015,"ANADARKO EAST ES",08I020105,"Elementary School",0.1623,0.7045,0.0032,0.0292,0.0000,0.1006,0.0000,308
2016,"ANADARKO EAST ES",08I020105,"Elementary School",0.1517,0.6828,0.0034,0.0345,0.0000,0.1276,0.0000,290
2014,"ANADARKO HS",08I020705,"High School",0.1298,0.6085,0.0061,0.0365,0.0000,0.2191,0.0000,493
2015,"ANADARKO HS",08I020705,"High School",0.2004,0.5671,0.0000,0.0421,0.0000,0.1904,0.0000,499
2016,"ANADARKO HS",08I020705,"High School",0.1890,0.5860,0.0021,0.0340,0.0000,0.1868,0.0021,471
2014,"ANADARKO MS",08I020510,"Middle School",0.1415,0.6473,0.0000,0.0418,0.0000,0.1694,0.0000,431
2015,"ANADARKO MS",08I020510,"Middle School",0.1540,0.6398,0.0024,0.0332,0.0024,0.1682,0.0000,422
2016,"ANADARKO MS",08I020510,"Middle School",0.1922,0.5839,0.0024,0.0316,0.0024,0.1873,0.0000,411
2014,"MISSION ES",08I020120,"Elementary School",0.1671,0.5901,0.0078,0.0339,0.0000,0.2010,0.0000,383
2015,"MISSION ES",08I020120,"Elementary School",0.1878,0.5847,0.0000,0.0397,0.0026,0.1772,0.0079,378
2016,"MISSION ES",08I020120,"Elementary School",0.1827,0.6218,0.0025,0.0406,0.0000,0.1497,0.0025,394
2014,"SUNSET ES",08I020115,"Elementary School",0.1739,0.6584,0.0062,0.0280,0.0000,0.1304,0.0031,322
2015,"SUNSET ES",08I020115,"Elementary School",0.1877,0.6462,0.0031,0.0369,0.0000,0.1262,0.0000,325
2016,"SUNSET ES",08I020115,"Elementary School",0.1551,0.6709,0.0000,0.0380,0.0000,0.1361,0.0000,316
2014,"ANDERSON PUBLIC SCHOOL",57C052105,"Elementary School",0.0478,0.1229,0.0000,0.0171,0.0034,0.6792,0.1297,293
2015,"ANDERSON PUBLIC SCHOOL",57C052105,"Elementary School",0.0369,0.1476,0.0000,0.0185,0.0000,0.6937,0.1033,271
2016,"ANDERSON PUBLIC SCHOOL",57C052105,"Elementary School",0.0213,0.1383,0.0000,0.0142,0.0000,0.7411,0.0851,282
2014,"ANTLERS HS",64I013705,"High School",0.0383,0.2682,0.0000,0.0038,0.0077,0.6284,0.0536,261
2015,"ANTLERS HS",64I013705,"High School",0.0418,0.2319,0.0000,0.0000,0.0038,0.6008,0.1217,263
2016,"ANTLERS HS",64I013705,"High School",0.0558,0.1673,0.0000,0.0037,0.0000,0.5428,0.2305,269
2014,"BRANTLY ES",64I013105,"Elementary School",0.0336,0.3396,0.0019,0.0056,0.0000,0.5560,0.0634,536
2015,"BRANTLY ES",64I013105,"Elementary School",0.0297,0.3792,0.0056,0.0093,0.0000,0.5353,0.0409,538
2016,"BRANTLY ES",64I013105,"Elementary School",0.0396,0.3717,0.0019,0.0075,0.0000,0.5321,0.0472,530
2014,"OBUCH MS",64I013510,"Middle School",0.0534,0.1845,0.0000,0.0049,0.0000,0.4223,0.3350,206
2015,"OBUCH MS",64I013510,"Middle School",0.0580,0.2143,0.0000,0.0000,0.0000,0.4866,0.2411,224
2016,"OBUCH MS",64I013510,"Middle School",0.0489,0.3156,0.0000,0.0000,0.0000,0.4489,0.1867,225
2014,"ARAPAHO-BUTLER ES",20I005105,"Elementary School",0.1513,0.0461,0.0000,0.0033,0.0000,0.7697,0.0296,304
2015,"ARAPAHO-BUTLER ES",20I005105,"Elementary School",0.1456,0.0324,0.0000,0.0032,0.0000,0.7799,0.0388,309
2016,"ARAPAHO-BUTLER ES",20I005105,"Elementary School",0.1180,0.0501,0.0118,0.0118,0.0000,0.7699,0.0383,339
2014,"ARAPAHO-BUTLER HS",20I005715,"High School",0.1034,0.0000,0.0115,0.0000,0.0000,0.8391,0.0460,87
2015,"ARAPAHO-BUTLER HS",20I005715,"High School",0.0879,0.0330,0.0000,0.0000,0.0000,0.8681,0.0110,91
2016,"ARAPAHO-BUTLER HS",20I005715,"High School",0.1158,0.0211,0.0000,0.0000,0.0000,0.8316,0.0316,95
2014,"ARDMORE HS",10I019705,"High School",0.1158,0.1018,0.0102,0.1985,0.0000,0.3906,0.1832,786
2015,"ARDMORE HS",10I019705,"High School",0.1369,0.1141,0.0152,0.1926,0.0013,0.3739,0.1660,789
2016,"ARDMORE HS",10I019705,"High School",0.1469,0.1131,0.0195,0.1873,0.0039,0.3693,0.1599,769
2014,"ARDMORE MS",10I019505,"Middle School",0.1306,0.1291,0.0171,0.1680,0.0047,0.4075,0.1431,643
2015,"ARDMORE MS",10I019505,"Middle School",0.1576,0.1106,0.0106,0.1803,0.0061,0.4015,0.1333,660
2016,"ARDMORE MS",10I019505,"Middle School",0.1740,0.1150,0.0076,0.1755,0.0030,0.3661,0.1589,661
2014,"CHARLES EVANS ES",10I019110,"Elementary School",0.1064,0.1135,0.0113,0.1617,0.0014,0.4298,0.1759,705
2015,"CHARLES EVANS ES",10I019110,"Elementary School",0.1300,0.1093,0.0133,0.1315,0.0000,0.4284,0.1876,677
2016,"CHARLES EVANS ES",10I019110,"Elementary School",0.1385,0.0989,0.0122,0.1309,0.0000,0.4201,0.1994,657
2014,"JEFFERSON ES",10I019120,"Elementary School",0.2165,0.1063,0.0000,0.1811,0.0000,0.3071,0.1890,254
2015,"JEFFERSON ES",10I019120,"Elementary School",0.2605,0.0958,0.0000,0.1648,0.0000,0.2567,0.2222,261
2016,"JEFFERSON ES",10I019120,"Elementary School",0.2392,0.1216,0.0000,0.1647,0.0039,0.2627,0.2078,255
2014,"LINCOLN ES",10I019125,"Elementary School",0.1483,0.1379,0.0138,0.1207,0.0069,0.4207,0.1517,290
2015,"LINCOLN ES",10I019125,"Elementary School",0.1673,0.1273,0.0109,0.1055,0.0036,0.4618,0.1236,275
2016,"LINCOLN ES",10I019125,"Elementary School",0.1533,0.1115,0.0139,0.1150,0.0000,0.4251,0.1812,287
2014,"WILL ROGERS ES",10I019135,"Elementary School",0.1620,0.0860,0.0120,0.1380,0.0040,0.4360,0.1620,500
2015,"WILL ROGERS ES",10I019135,"Elementary School",0.1426,0.1074,0.0165,0.1260,0.0041,0.4339,0.1694,484
2016,"WILL ROGERS ES",10I019135,"Elementary School",0.1929,0.0918,0.0188,0.1576,0.0000,0.4000,0.1388,425
2014,"ARKOMA HS",40I091715,"High School",0.0208,0.0521,0.0104,0.0313,0.0000,0.7083,0.1771,96
2015,"ARKOMA HS",40I091715,"High School",0.0297,0.0495,0.0099,0.0099,0.0000,0.7525,0.1485,101
2016,"ARKOMA HS",40I091715,"High School",0.0431,0.0517,0.0172,0.0000,0.0000,0.7500,0.1379,116
2015,"ARKOMA JHS",40I091605,"Middle School",0.0172,0.0172,0.0000,0.0000,0.0000,0.7069,0.2586,58
2016,"ARKOMA JHS",40I091605,"Middle School",0.0000,0.0000,0.0000,0.0000,0.0000,0.7037,0.2963,54
2014,"SINGLETON ES",40I091105,"Elementary School",0.0314,0.0189,0.0000,0.0000,0.0000,0.7013,0.2484,318
2015,"SINGLETON ES",40I091205,"Elementary School",0.0417,0.0303,0.0000,0.0000,0.0000,0.6970,0.2311,264
2016,"SINGLETON ES",40I091205,"Elementary School",0.0395,0.0175,0.0000,0.0000,0.0000,0.7105,0.2325,228
2014,"ARNETT ES",23I003105,"Elementary School",0.1042,0.0208,0.0000,0.0069,0.0000,0.8472,0.0208,144
2015,"ARNETT ES",23I003105,"Elementary School",0.0784,0.0327,0.0000,0.0131,0.0000,0.8627,0.0131,153
2016,"ARNETT ES",23I003105,"Elementary School",0.1364,0.0065,0.0000,0.0325,0.0000,0.8117,0.0130,154
2014,"ARNETT HS",23I003705,"High School",0.1017,0.0339,0.0000,0.0169,0.0000,0.8475,0.0000,59
2015,"ARNETT HS",23I003705,"High School",0.0714,0.0357,0.0000,0.0179,0.0000,0.8750,0.0000,56
2016,"ARNETT HS",23I003705,"High School",0.0517,0.0172,0.0000,0.0000,0.0000,0.9310,0.0000,58
2014,"ASHER ES",63I112105,"Elementary School",0.0749,0.3476,0.0000,0.0053,0.0000,0.5722,0.0000,187
2015,"ASHER ES",63I112105,"Elementary School",0.0794,0.3175,0.0000,0.0053,0.0000,0.5979,0.0000,189
2016,"ASHER ES",63I112105,"Elementary School",0.0591,0.3387,0.0000,0.0054,0.0000,0.5968,0.0000,186
2014,"ASHER HS",63I112705,"High School",0.1125,0.3625,0.0000,0.0125,0.0000,0.5125,0.0000,80
2015,"ASHER HS",63I112705,"High School",0.1176,0.3176,0.0000,0.0118,0.0000,0.5529,0.0000,85
2016,"ASHER HS",63I112705,"High School",0.0986,0.3239,0.0000,0.0141,0.0000,0.5634,0.0000,71
2014,"ASTEC CHARTER HS",55E004983,"Charter School",0.7676,0.0131,0.0444,0.0836,0.0000,0.0914,0.0000,383
2015,"ASTEC CHARTER HS",55E004972,"Charter School",0.8065,0.0115,0.0415,0.0668,0.0000,0.0645,0.0092,434
2016,"ASTEC CHARTER HS",55E004972,"Charter School",0.8568,0.0085,0.0321,0.0470,0.0000,0.0513,0.0043,468
2014,"ASTEC CHARTER MS",55E004971,"Charter School",0.8544,0.0073,0.0316,0.0413,0.0000,0.0437,0.0218,412
2015,"ASTEC CHARTER MS",55E004971,"Charter School",0.8465,0.0192,0.0288,0.0456,0.0000,0.0480,0.0120,417
2016,"ASTEC CHARTER MS",55E004971,"Charter School",0.8457,0.0152,0.0304,0.0543,0.0000,0.0435,0.0109,460
2014,"ATOKA ES",03I015120,"Elementary School",0.0453,0.3048,0.0151,0.1134,0.0000,0.4811,0.0403,397
2015,"ATOKA ES",03I015120,"Elementary School",0.0565,0.2761,0.0087,0.0870,0.0000,0.4826,0.0891,460
2016,"ATOKA ES",03I015120,"Elementary School",0.0597,0.2772,0.0149,0.0746,0.0000,0.4776,0.0959,469
2014,"ATOKA HS",03I015705,"High School",0.0417,0.3712,0.0038,0.0644,0.0000,0.4962,0.0227,264
2015,"ATOKA HS",03I015705,"High School",0.0646,0.3401,0.0034,0.0646,0.0000,0.4796,0.0476,294
2016,"ATOKA HS",03I015705,"High School",0.0627,0.3582,0.0090,0.0687,0.0000,0.4925,0.0090,335
2014,"MCCALL MS",03I015505,"Middle School",0.0829,0.2762,0.0166,0.1050,0.0000,0.5138,0.0055,181
2015,"MCCALL MS",03I015505,"Middle School",0.0695,0.2727,0.0267,0.0856,0.0000,0.4813,0.0642,187
2016,"MCCALL MS",03I015505,"Middle School",0.0625,0.2083,0.0313,0.0729,0.0000,0.4844,0.1406,192
2014,"AVANT PUBLIC SCHOOL",57C035105,"Elementary School",0.0109,0.3370,0.0000,0.0000,0.0000,0.3478,0.3043,92
2015,"AVANT PUBLIC SCHOOL",57C035105,"Elementary School",0.0250,0.4500,0.0000,0.0000,0.0000,0.3625,0.1625,80
2016,"AVANT PUBLIC SCHOOL",57C035105,"Elementary School",0.0128,0.3846,0.0000,0.0000,0.0128,0.4359,0.1538,78
2014,"BALKO ES",04I075105,"Elementary School",0.1835,0.0000,0.0000,0.0000,0.0000,0.8165,0.0000,109
2015,"BALKO ES",04I075105,"Elementary School",0.1121,0.0000,0.0000,0.0093,0.0000,0.8785,0.0000,107
2016,"BALKO ES",04I075105,"Elementary School",0.0847,0.0000,0.0000,0.0085,0.0000,0.9068,0.0000,118
2014,"BALKO HS",04I075705,"High School",0.0465,0.0000,0.0000,0.0000,0.0000,0.9302,0.0233,43
2015,"BALKO HS",04I075705,"High School",0.0227,0.0455,0.0000,0.0000,0.0000,0.9318,0.0000,44
2016,"BALKO HS",04I075705,"High School",0.0227,0.0455,0.0000,0.0000,0.0000,0.9318,0.0000,44
2014,"BANNER PUBLIC SCHOOL",09C031105,"Elementary School",0.1005,0.0370,0.0053,0.0053,0.0053,0.7672,0.0794,189
2015,"BANNER PUBLIC SCHOOL",09C031105,"Elementary School",0.1483,0.0144,0.0239,0.0000,0.0048,0.7273,0.0813,209
2016,"BANNER PUBLIC SCHOOL",09C031105,"Elementary School",0.1275,0.0049,0.0147,0.0196,0.0049,0.7304,0.0980,204
2014,"BARNSDALL ES",57I029105,"Elementary School",0.0170,0.0000,0.0000,0.0085,0.0000,0.4426,0.5319,235
2015,"BARNSDALL ES",57I029105,"Elementary School",0.0136,0.0000,0.0000,0.0045,0.0000,0.4409,0.5409,220
2016,"BARNSDALL ES",57I029105,"Elementary School",0.0283,0.0000,0.0000,0.0000,0.0000,0.4434,0.5283,212
2014,"BARNSDALL HS",57I029715,"High School",0.0645,0.0081,0.0000,0.0000,0.0000,0.5161,0.4113,124
2015,"BARNSDALL HS",57I029715,"High School",0.0476,0.0079,0.0000,0.0000,0.0000,0.5238,0.4206,126
2016,"BARNSDALL HS",57I029715,"High School",0.0667,0.0133,0.0000,0.0000,0.0000,0.4733,0.4467,150
2014,"BARNSDALL JHS",57I029615,"Middle School",0.0253,0.0000,0.0000,0.0000,0.0000,0.4430,0.5316,79
2015,"BARNSDALL JHS",57I029615,"Middle School",0.0337,0.0000,0.0000,0.0000,0.0000,0.3933,0.5730,89
2016,"BARNSDALL JHS",57I029615,"Middle School",0.0141,0.0141,0.0000,0.0141,0.0000,0.3944,0.5634,71
2014,"BARTLESVILLE HS",74I030705,"High School",0.0558,0.1309,0.0218,0.0606,0.0024,0.6982,0.0303,825
2015,"BARTLESVILLE HS",74I030705,"High School",0.0643,0.1310,0.0210,0.0667,0.0025,0.6663,0.0482,809
2016,"BARTLESVILLE HS",74I030705,"High School",0.0982,0.1305,0.0165,0.0585,0.0017,0.6198,0.0749,1762
2014,"BARTLESVILLE MHS",74I030710,"High School",0.0973,0.1373,0.0149,0.0629,0.0023,0.6407,0.0446,874
2015,"BARTLESVILLE MHS",74I030710,"High School",0.1078,0.1390,0.0172,0.0485,0.0022,0.6261,0.0593,928
2014,"CENTRAL MS",74I030505,"Middle School",0.0878,0.1597,0.0216,0.0863,0.0014,0.6072,0.0360,695
2015,"CENTRAL MS",74I030505,"Middle School",0.1029,0.1449,0.0217,0.0739,0.0000,0.5855,0.0710,690
2016,"CENTRAL MS",74I030505,"Middle School",0.1025,0.1207,0.0231,0.0545,0.0000,0.6033,0.0959,605
2014,"HOOVER ES",74I030120,"Elementary School",0.1619,0.1429,0.0381,0.0429,0.0000,0.4857,0.1286,420
2015,"HOOVER ES",74I030120,"Elementary School",0.1481,0.1505,0.0394,0.0278,0.0023,0.5093,0.1227,432
2016,"HOOVER ES",74I030120,"Elementary School",0.1432,0.1453,0.0564,0.0282,0.0000,0.4772,0.1497,461
2014,"JANE PHILLIPS ES",74I030130,"Elementary School",0.1709,0.1625,0.0000,0.1513,0.0000,0.4594,0.0560,357
2015,"JANE PHILLIPS ES",74I030130,"Elementary School",0.1852,0.1481,0.0031,0.1204,0.0000,0.4506,0.0926,324
2016,"JANE PHILLIPS ES",74I030130,"Elementary School",0.1536,0.1627,0.0060,0.0934,0.0000,0.4819,0.1024,332
2014,"MADISON MS",74I030510,"Middle School",0.1216,0.1376,0.0176,0.0336,0.0016,0.5648,0.1232,625
2015,"MADISON MS",74I030510,"Middle School",0.1231,0.0715,0.0216,0.0316,0.0000,0.5557,0.1963,601
2016,"MADISON MS",74I030510,"Middle School",0.1359,0.0809,0.0229,0.0290,0.0000,0.5237,0.2076,655
2014,"RANCH HEIGHTS ES",74I030160,"Elementary School",0.1026,0.1896,0.0243,0.0296,0.0035,0.5757,0.0748,575
2015,"RANCH HEIGHTS ES",74I030160,"Elementary School",0.0967,0.1779,0.0328,0.0380,0.0035,0.5889,0.0622,579
2016,"RANCH HEIGHTS ES",74I030160,"Elementary School",0.0713,0.1693,0.0463,0.0410,0.0018,0.5954,0.0749,561
2014,"RICHARD KANE ES",74I030110,"Elementary School",0.0750,0.1595,0.0113,0.0582,0.0019,0.6135,0.0807,533
2015,"RICHARD KANE ES",74I030110,"Elementary School",0.1064,0.1779,0.0193,0.0793,0.0000,0.5435,0.0735,517
2016,"RICHARD KANE ES",74I030110,"Elementary School",0.1162,0.1652,0.0200,0.0835,0.0000,0.5517,0.0635,551
2014,"WAYSIDE ES",74I030175,"Elementary School",0.0746,0.0610,0.0593,0.0322,0.0068,0.6644,0.1017,590
2015,"WAYSIDE ES",74I030175,"Elementary School",0.0815,0.0511,0.0431,0.0144,0.0016,0.6502,0.1581,626
2016,"WAYSIDE ES",74I030175,"Elementary School",0.0929,0.0547,0.0564,0.0083,0.0017,0.6484,0.1376,603
2014,"WOODROW WILSON ES",74I030185,"Elementary School",0.1585,0.1514,0.0176,0.0264,0.0053,0.5053,0.1356,568
2015,"WOODROW WILSON ES",74I030185,"Elementary School",0.1741,0.1012,0.0178,0.0160,0.0053,0.4813,0.2043,563
2016,"WOODROW WILSON ES",74I030185,"Elementary School",0.1511,0.1265,0.0158,0.0193,0.0053,0.4903,0.1916,569
2014,"BATTIEST ES",48I071105,"Elementary School",0.0000,0.5728,0.0000,0.0000,0.0000,0.4272,0.0000,206
2015,"BATTIEST ES",48I071105,"Elementary School",0.0051,0.5612,0.0000,0.0000,0.0000,0.4184,0.0153,196
2016,"BATTIEST ES",48I071105,"Elementary School",0.0242,0.5652,0.0000,0.0000,0.0000,0.3913,0.0193,207
2014,"BATTIEST HS",48I071715,"High School",0.0147,0.5294,0.0000,0.0000,0.0000,0.4559,0.0000,68
2015,"BATTIEST HS",48I071715,"High School",0.0135,0.5000,0.0000,0.0000,0.0000,0.4865,0.0000,74
2016,"BATTIEST HS",48I071715,"High School",0.0000,0.5211,0.0000,0.0000,0.0000,0.4789,0.0000,71
2014,"BEARDEN PUBLIC SCHOOL",54C029105,"Elementary School",0.0088,0.2478,0.0000,0.0000,0.0000,0.3717,0.3717,113
2015,"BEARDEN PUBLIC SCHOOL",54C029105,"Elementary School",0.0095,0.2095,0.0000,0.0000,0.0000,0.3619,0.4190,105
2016,"BEARDEN PUBLIC SCHOOL",54C029105,"Elementary School",0.0316,0.2737,0.0000,0.0000,0.0000,0.3368,0.3579,95
2014,"BEAVER ES",04I022105,"Elementary School",0.4029,0.0072,0.0036,0.0036,0.0000,0.5755,0.0072,278
2015,"BEAVER ES",04I022105,"Elementary School",0.4228,0.0034,0.0034,0.0034,0.0000,0.5604,0.0067,298
2016,"BEAVER ES",04I022105,"Elementary School",0.3832,0.0000,0.0036,0.0073,0.0036,0.5949,0.0073,274
2014,"BEAVER HS",04I022705,"High School",0.2903,0.0215,0.0108,0.0000,0.0108,0.6667,0.0000,93
2015,"BEAVER HS",04I022705,"High School",0.3053,0.0105,0.0000,0.0000,0.0105,0.6737,0.0000,95
2016,"BEAVER HS",04I022705,"High School",0.3263,0.0105,0.0000,0.0000,0.0105,0.6526,0.0000,95
2014,"BEGGS ES",56I004105,"Elementary School",0.0591,0.1540,0.0021,0.0527,0.0000,0.5211,0.2110,474
2015,"BEGGS ES",56I004105,"Elementary School",0.0604,0.1409,0.0022,0.0694,0.0000,0.5213,0.2058,447
2016,"BEGGS ES",56I004105,"Elementary School",0.0760,0.1313,0.0000,0.0530,0.0000,0.5530,0.1866,434
2014,"BEGGS HS",56I004705,"High School",0.0356,0.2374,0.0000,0.0445,0.0000,0.4599,0.2226,337
2015,"BEGGS HS",56I004705,"High School",0.0331,0.2541,0.0000,0.0552,0.0000,0.4282,0.2293,362
2016,"BEGGS HS",56I004705,"High School",0.0427,0.2393,0.0000,0.0513,0.0000,0.4387,0.2279,351
2014,"BEGGS MS",56I004505,"Middle School",0.0556,0.2611,0.0000,0.0444,0.0000,0.4056,0.2333,180
2015,"BEGGS MS",56I004505,"Middle School",0.0474,0.2061,0.0000,0.0696,0.0000,0.4652,0.2117,359
2016,"BEGGS MS",56I004505,"Middle School",0.0406,0.1739,0.0000,0.0667,0.0058,0.5072,0.2058,345
2014,"BEGGS UPPER ES",56I004405,"Elementary School",0.0383,0.2131,0.0000,0.0492,0.0000,0.4699,0.2295,183
2014,"BELFONTE BELL ES (ADAIR CNTY)",68C050110,"Elementary School",0.0306,0.9490,0.0000,0.0000,0.0000,0.0204,0.0000,98
2015,"BELFONTE BELL ES (ADAIR CNTY)",68C050110,"Elementary School",0.0367,0.9541,0.0000,0.0000,0.0000,0.0092,0.0000,109
2016,"BELFONTE BELL ES (ADAIR CNTY)",68C050110,"Elementary School",0.0185,0.9722,0.0000,0.0000,0.0000,0.0093,0.0000,108
2014,"BELFONTE PUBLIC SCHOOL",68C050105,"Elementary School",0.0924,0.5126,0.0168,0.0000,0.0084,0.3697,0.0000,119
2015,"BELFONTE PUBLIC SCHOOL",68C050105,"Elementary School",0.0962,0.5577,0.0192,0.0000,0.0000,0.3269,0.0000,104
2016,"BELFONTE PUBLIC SCHOOL",68C050105,"Elementary School",0.1010,0.5455,0.0303,0.0000,0.0000,0.3232,0.0000,99
2014,"BENNINGTON ES",07I040105,"Elementary School",0.0142,0.4313,0.0000,0.0047,0.0000,0.5261,0.0237,211
2015,"BENNINGTON ES",07I040105,"Elementary School",0.0192,0.4183,0.0000,0.0048,0.0000,0.5240,0.0337,208
2016,"BENNINGTON ES",07I040105,"Elementary School",0.0274,0.3927,0.0000,0.0046,0.0000,0.5479,0.0274,219
2014,"BENNINGTON HS",07I040705,"High School",0.0526,0.5395,0.0000,0.0000,0.0000,0.4079,0.0000,76
2015,"BENNINGTON HS",07I040705,"High School",0.0641,0.4615,0.0000,0.0000,0.0000,0.4744,0.0000,78
2016,"BENNINGTON HS",07I040705,"High School",0.0633,0.4810,0.0000,0.0000,0.0000,0.4557,0.0000,79
2014,"BERRYHILL ES SOUTH",72I010105,"Elementary School",0.0445,0.0383,0.0000,0.0031,0.0000,0.6518,0.2623,652
2015,"BERRYHILL ES SOUTH",72I010105,"Elementary School",0.0398,0.0581,0.0000,0.0046,0.0015,0.6544,0.2416,654
2016,"BERRYHILL ES SOUTH",72I010105,"Elementary School",0.0496,0.0729,0.0000,0.0062,0.0000,0.6279,0.2434,645
2014,"BERRYHILL HS",72I010705,"High School",0.0471,0.0919,0.0000,0.0157,0.0000,0.6345,0.2108,446
2015,"BERRYHILL HS",72I010705,"High School",0.0454,0.0952,0.0000,0.0204,0.0000,0.6122,0.2268,441
2016,"BERRYHILL HS",72I010705,"High School",0.0379,0.0687,0.0000,0.0118,0.0000,0.6351,0.2464,422
2014,"BERRYHILL MS",72I010510,"Middle School",0.0262,0.1518,0.0000,0.0157,0.0000,0.6178,0.1885,191
2015,"BERRYHILL MS",72I010510,"Middle School",0.0222,0.0778,0.0000,0.0167,0.0000,0.6556,0.2278,180
2016,"BERRYHILL MS",72I010510,"Middle School",0.0419,0.0314,0.0000,0.0000,0.0000,0.6387,0.2880,191
2014,"BETHANY HS",55I088705,"High School",0.0951,0.0627,0.0171,0.0342,0.0057,0.6939,0.0913,526
2015,"BETHANY HS",55I088705,"High School",0.1357,0.0504,0.0174,0.0329,0.0039,0.6667,0.0930,516
2016,"BETHANY HS",55I088705,"High School",0.1340,0.0408,0.0194,0.0311,0.0019,0.6718,0.1010,515
2014,"BETHANY MS",55I088505,"Middle School",0.1332,0.0217,0.0217,0.0217,0.0027,0.6766,0.1223,368
2015,"BETHANY MS",55I088505,"Middle School",0.1549,0.0353,0.0217,0.0245,0.0000,0.6495,0.1141,368
2016,"BETHANY MS",55I088505,"Middle School",0.1506,0.0286,0.0208,0.0234,0.0000,0.6494,0.1273,385
2014,"CHILDREN'S CTR",55I088110,"Elementary School",0.0794,0.0794,0.0159,0.3333,0.0000,0.4921,0.0000,63
2015,"CHILDREN'S CTR",55I088110,"Elementary School",0.1452,0.0645,0.0323,0.2742,0.0000,0.4839,0.0000,62
2016,"CHILDREN'S CTR",55I088110,"Elementary School",0.0806,0.0645,0.0323,0.3548,0.0000,0.4677,0.0000,62
2014,"EARL HARRIS ES",55I088105,"Elementary School",0.1779,0.0445,0.0067,0.0243,0.0000,0.6456,0.1011,742
2015,"EARL HARRIS ES",55I088105,"Elementary School",0.1664,0.0386,0.0040,0.0200,0.0013,0.6684,0.1012,751
2016,"EARL HARRIS ES",55I088105,"Elementary School",0.1799,0.0317,0.0053,0.0159,0.0013,0.6601,0.1058,756
2014,"BETHEL ES",63I003105,"Elementary School",0.0318,0.1669,0.0016,0.0032,0.0000,0.7838,0.0127,629
2015,"BETHEL ES",63I003105,"Elementary School",0.0338,0.1672,0.0032,0.0032,0.0016,0.7235,0.0675,622
2016,"BETHEL ES",63I003105,"Elementary School",0.0283,0.1698,0.0031,0.0047,0.0000,0.7091,0.0849,636
2014,"BETHEL HS",63I003705,"High School",0.0308,0.2205,0.0026,0.0154,0.0000,0.7154,0.0154,390
2015,"BETHEL HS",63I003705,"High School",0.0226,0.2256,0.0050,0.0125,0.0000,0.7293,0.0050,399
2016,"BETHEL HS",63I003705,"High School",0.0094,0.1929,0.0094,0.0094,0.0000,0.7765,0.0024,425
2014,"BETHEL MS",63I003505,"Middle School",0.0219,0.1969,0.0125,0.0125,0.0031,0.7500,0.0031,320
2015,"BETHEL MS",63I003505,"Middle School",0.0156,0.1844,0.0094,0.0063,0.0000,0.7719,0.0125,320
2016,"BETHEL MS",63I003505,"Middle School",0.0317,0.1585,0.0070,0.0106,0.0000,0.7746,0.0176,284
2014,"BIG PASTURE ES",17I333105,"Elementary School",0.1366,0.0621,0.0000,0.0000,0.0000,0.7453,0.0559,161
2015,"BIG PASTURE ES",17I333105,"Elementary School",0.1788,0.0397,0.0000,0.0000,0.0000,0.7351,0.0464,151
2016,"BIG PASTURE ES",17I333105,"Elementary School",0.1753,0.0649,0.0000,0.0000,0.0000,0.7208,0.0390,154
2014,"BIG PASTURE HS",17I333705,"High School",0.1587,0.0476,0.0159,0.0000,0.0000,0.6984,0.0794,63
2015,"BIG PASTURE HS",17I333705,"High School",0.1702,0.0426,0.0213,0.0000,0.0000,0.7021,0.0638,47
2016,"BIG PASTURE HS",17I333705,"High School",0.2093,0.0465,0.0000,0.0000,0.0000,0.6279,0.1163,43
2014,"BILLINGS ES",52I002105,"Elementary School",0.0217,0.0435,0.0000,0.0870,0.0000,0.8478,0.0000,46
2015,"BILLINGS ES",52I002105,"Elementary School",0.0000,0.1064,0.0000,0.0000,0.0000,0.8723,0.0213,47
2016,"BILLINGS ES",52I002105,"Elementary School",0.0000,0.1091,0.0000,0.0182,0.0000,0.8727,0.0000,55
2014,"BILLINGS HS",52I002705,"High School",0.0625,0.0000,0.0000,0.0000,0.0000,0.9375,0.0000,16
2015,"BILLINGS HS",52I002705,"High School",0.0625,0.0000,0.0000,0.0000,0.0000,0.9375,0.0000,16
2016,"BILLINGS HS",52I002705,"High School",0.0357,0.0714,0.0000,0.0000,0.0000,0.8929,0.0000,28
2014,"BINGER-ONEY ES",08I168105,"Elementary School",0.0463,0.2135,0.0000,0.0285,0.0000,0.6655,0.0463,281
2015,"BINGER-ONEY ES",08I168105,"Elementary School",0.0463,0.2206,0.0000,0.0249,0.0000,0.6477,0.0605,281
2016,"BINGER-ONEY ES",08I168105,"Elementary School",0.0467,0.2140,0.0000,0.0195,0.0000,0.6265,0.0934,257
2014,"BINGER-ONEY HS",08I168705,"High School",0.0254,0.2966,0.0000,0.0085,0.0000,0.6356,0.0339,118
2015,"BINGER-ONEY HS",08I168705,"High School",0.0000,0.2870,0.0000,0.0174,0.0000,0.6522,0.0435,115
2016,"BINGER-ONEY HS",08I168705,"High School",0.0091,0.2545,0.0000,0.0273,0.0000,0.5909,0.1182,110
2014,"BISHOP PUBLIC SCHOOL",16C049105,"Elementary School",0.2270,0.0333,0.0137,0.2133,0.0020,0.3875,0.1233,511
2015,"BISHOP PUBLIC SCHOOL",16C049105,"Elementary School",0.2409,0.0421,0.0191,0.2256,0.0057,0.3346,0.1319,523
2016,"BISHOP PUBLIC SCHOOL",16C049105,"Elementary School",0.2351,0.0504,0.0131,0.2127,0.0075,0.3377,0.1437,536
2014,"BIXBY HS",72I004705,"High School",0.0615,0.1001,0.0131,0.0216,0.0013,0.7585,0.0438,1528
2015,"BIXBY HS",72I004705,"High School",0.0687,0.0929,0.0099,0.0285,0.0019,0.7461,0.0520,1615
2016,"BIXBY HS",72I004705,"High School",0.0785,0.0820,0.0123,0.0199,0.0018,0.7446,0.0609,1707
2014,"BIXBY MS",72I004505,"Middle School",0.0696,0.0840,0.0060,0.0180,0.0000,0.7503,0.0720,833
2015,"BIXBY MS",72I004505,"Middle School",0.0596,0.0872,0.0103,0.0138,0.0011,0.7523,0.0757,872
2016,"BIXBY MS",72I004505,"Middle School",0.0783,0.0840,0.0138,0.0184,0.0000,0.7307,0.0748,869
2014,"BIXBY NORTH ES",72I004120,"Elementary School",0.0934,0.0581,0.0205,0.0171,0.0000,0.7335,0.0774,878
2015,"BIXBY NORTH ES",72I004120,"Elementary School",0.0988,0.0673,0.0258,0.0180,0.0000,0.7059,0.0842,891
2016,"BIXBY NORTH ES",72I004120,"Elementary School",0.1175,0.0722,0.0330,0.0196,0.0024,0.6695,0.0857,817
2014,"CENTRAL ES",72I004110,"Elementary School",0.0798,0.0739,0.0012,0.0164,0.0000,0.7324,0.0962,852
2015,"CENTRAL ES",72I004110,"Elementary School",0.0876,0.0732,0.0036,0.0156,0.0000,0.7263,0.0936,833
2016,"CENTRAL ES",72I004110,"Elementary School",0.0765,0.0889,0.0011,0.0202,0.0011,0.7143,0.0979,889
2014,"CENTRAL INTERMEDIATE SCHOOL",72I004140,"Elementary School",0.0981,0.0846,0.0058,0.0154,0.0000,0.7327,0.0635,520
2015,"CENTRAL INTERMEDIATE SCHOOL",72I004140,"Elementary School",0.1008,0.1008,0.0076,0.0114,0.0000,0.7034,0.0760,526
2016,"CENTRAL INTERMEDIATE SCHOOL",72I004140,"Elementary School",0.1045,0.0901,0.0054,0.0054,0.0000,0.6919,0.1027,555
2014,"NORTH INTERMEDIATE SCHOOL",72I004130,"Elementary School",0.0714,0.0620,0.0207,0.0150,0.0000,0.7688,0.0620,532
2015,"NORTH INTERMEDIATE SCHOOL",72I004130,"Elementary School",0.1099,0.0568,0.0201,0.0092,0.0000,0.7198,0.0842,546
2016,"NORTH INTERMEDIATE SCHOOL",72I004130,"Elementary School",0.1151,0.0504,0.0252,0.0162,0.0000,0.7068,0.0863,556
2014,"NORTHEAST ES AND IS",72I004150,"Elementary School",0.0266,0.0900,0.0102,0.0307,0.0000,0.7403,0.1022,489
2015,"NORTHEAST ES AND IS",72I004150,"Elementary School",0.0292,0.0858,0.0078,0.0390,0.0000,0.7212,0.1170,513
2016,"NORTHEAST ES AND IS",72I004150,"Elementary School",0.0383,0.0904,0.0092,0.0291,0.0000,0.6983,0.1348,653
2014,"BLACKWELL ES",36I045125,"Elementary School",0.1213,0.2134,0.0021,0.0105,0.0000,0.6297,0.0230,478
2015,"BLACKWELL ES",36I045125,"Elementary School",0.1014,0.1644,0.0061,0.0184,0.0000,0.6974,0.0123,651
2016,"BLACKWELL ES",36I045125,"Elementary School",0.0982,0.1541,0.0106,0.0151,0.0000,0.7100,0.0121,662
2014,"BLACKWELL HS",36I045705,"High School",0.1291,0.1671,0.0025,0.0076,0.0000,0.6911,0.0025,395
2015,"BLACKWELL HS",36I045705,"High School",0.1364,0.2249,0.0024,0.0072,0.0000,0.6268,0.0024,418
2016,"BLACKWELL HS",36I045705,"High School",0.1346,0.2740,0.0048,0.0072,0.0000,0.5793,0.0000,416
2014,"BLACKWELL MS",36I045505,"Middle School",0.1223,0.2571,0.0031,0.0063,0.0000,0.6113,0.0000,319
2015,"BLACKWELL MS",36I045505,"Middle School",0.1262,0.2945,0.0032,0.0129,0.0000,0.5631,0.0000,309
2016,"BLACKWELL MS",36I045505,"Middle School",0.1348,0.2553,0.0035,0.0106,0.0035,0.5922,0.0000,282
2014,"HUSTON EC CTR",36I045105,"Elementary School",0.1000,0.0810,0.0095,0.0190,0.0000,0.7905,0.0000,210
2014,"BLAIR ES",33I054105,"Elementary School",0.2390,0.0537,0.0049,0.0244,0.0000,0.6732,0.0049,205
2015,"BLAIR ES",33I054105,"Elementary School",0.2657,0.0676,0.0048,0.0386,0.0000,0.6087,0.0145,207
2016,"BLAIR ES",33I054105,"Elementary School",0.2805,0.0543,0.0045,0.0317,0.0000,0.6154,0.0136,221
2014,"BLAIR HS",33I054705,"High School",0.1538,0.0659,0.0110,0.0000,0.0000,0.7692,0.0000,91
2015,"BLAIR HS",33I054705,"High School",0.1573,0.0337,0.0112,0.0225,0.0000,0.7753,0.0000,89
2016,"BLAIR HS",33I054705,"High School",0.2025,0.0380,0.0000,0.0253,0.0000,0.7342,0.0000,79
2014,"BLANCHARD ES",47I029105,"Elementary School",0.0495,0.1007,0.0017,0.0068,0.0000,0.8106,0.0307,586
2015,"BLANCHARD ES",47I029105,"Elementary School",0.0564,0.0899,0.0018,0.0088,0.0000,0.7760,0.0670,567
2016,"BLANCHARD ES",47I029105,"Elementary School",0.0522,0.0802,0.0000,0.0037,0.0000,0.7910,0.0728,536
2014,"BLANCHARD HS",47I029705,"High School",0.0698,0.0833,0.0019,0.0155,0.0000,0.7907,0.0388,516
2015,"BLANCHARD HS",47I029705,"High School",0.0779,0.1058,0.0000,0.0148,0.0000,0.7755,0.0260,539
2016,"BLANCHARD HS",47I029705,"High School",0.0818,0.1309,0.0018,0.0127,0.0000,0.7455,0.0273,550
2014,"BLANCHARD INTERMEDIATE ES",47I029110,"Elementary School",0.0452,0.1633,0.0075,0.0151,0.0075,0.7613,0.0000,398
2015,"BLANCHARD INTERMEDIATE ES",47I029110,"Elementary School",0.0556,0.1594,0.0048,0.0097,0.0000,0.7681,0.0024,414
2016,"BLANCHARD INTERMEDIATE ES",47I029110,"Elementary School",0.0596,0.1422,0.0069,0.0069,0.0000,0.7592,0.0252,436
2014,"BLANCHARD MS",47I029510,"Middle School",0.0416,0.1481,0.0104,0.0078,0.0000,0.7792,0.0130,385
2015,"BLANCHARD MS",47I029510,"Middle School",0.0647,0.1439,0.0144,0.0120,0.0024,0.7458,0.0168,417
2016,"BLANCHARD MS",47I029510,"Middle School",0.0690,0.1714,0.0095,0.0143,0.0048,0.7238,0.0071,420
2014,"BLUEJACKET ES",18I020105,"Elementary School",0.0494,0.4198,0.0123,0.0000,0.0000,0.4444,0.0741,81
